749
56 
412 
18 967 
72 793 
125 
951 
742 
406 
210 
245 
578 339 
739 
286 
103 
375 664 
681 478 
644 
309 
536 
34 
433 
605 
964 
591 
513 634 
423 
756 
899 
239 
458 683 
858 158 
707 
881 131 
617 586 
466 735 
38 
575 
970 
162 783 
438 700 
631 383 
795 190 
498 454 
659 475 
341 568 
556 
923 
609 492 
832 161 
179 
194 
467 
815 
622 495 
231 698 
289 587 
226 879 
172 943 
915 981 
844 
823 
460 
784 
654 
865 
669 
67 974 
918 285 
496 409 
676 236 
898 243 
97 814 
682 
138 717 
387 
17 
117 991 
982 175 
744 207 
497 
673 461 
582 474 
0 26 
336 769 
661 253 
281 
228 
328 
180 796 
151 957 
834 244 
499 
723 
627 
959 
709 414 
416 
332 
778 
340 
859 
393 
133 731 
662 359 
817 395 
421 
376 632 
733 
364 
165 949 
264 873 
979 31 
176 
614 
7 
963 
4 
833 116 
729 
922 
945 91 
615 363 
417 751 
273 810 
667 
307 660 
3 
576 
62 
753 355 
574 
544 337 
807 
388 759 
907 
347 
893 
626 
629 
324 543 
552 620 
962 
719 
440 
647 
500 
906 
48 
952 171 
559 
40 126 
169 750 
977 66 
181 
730 
736 
316 
889 
327 636 
936 
432 482 
386 883 
299 
422 607 
930 199 
901 200 
785 
204 749 
248 716 
851 
999 27 
343 537 
986 
195 904 
50 
479 
938 
694 
722 
978 
649 
965 124 
193 
994 
141 
720 137 
770 215 
209 
777 
812 
887 
724 
189 
257 703 
693 
621 
678 
747 
668 270 
401 788 
995 53 
779 
545 572 
868 953 
819 
679 
242 696 
752 415 
217 
22 
775 
441 
54 894 
548 665 
259 919 
214 808 
153 940 
564 344 
980 88 
821 
921 
65 147 
112 
841 59 
368 633 
262 600 
63 
505 
302 
367 
168 973 
436 
196 
538 
122 
43 
424 510 
164 
384 494 
113 
84 847 
419 740 
830 
502 
468 
160 30 
897 947 
902 108 
531 
313 
402 762 
804 
961 872 
852 
878 
829 
96 93 
49 824 
150 941 
311 
227 838 
624 465 
680 
80 102 
320 
338 695 
224 765 
87 
211 
601 490 
563 534 
738 
481 635 
385 643 
449 469 
372 558 
998 
997 
290 774 
111 
929 191 
831 
802 
835 71 
646 
583 428 
437 590 
960 185 
23 
567 
596 
251 
813 399 
280 697 
853 55 
553 398 
577 562 
604 
713 
306 581 
885 237 
663 
870 
705 271 
391 
908 
712 
431 
14 
522 618 
516 
268 
435 
677 
820 
109 
483 
154 
701 269 
261 
256 884 
686 527 
672 
155 909 
758 350 
588 
645 
291 856 
518 599 
674 335 
98 
140 
862 46 
326 
791 
220 
745 
451 
130 773 
139 
550 
99 781 
187 
800 206 
547 517 
850 
275 
533 
288 737 
13 
606 
230 
871 330 
787 
16 
135 
323 
182 934 
82 956 
374 
115 95 
839 
178 
279 
413 782 
584 
509 
557 
799 
453 
322 619 
754 
298 
11 
418 511 
232 
317 
691 
837 104 
145 
768 
512 408 
120 
28 
1 
192 
642 
598 263 
628 443 
446 
89 
300 
827 
42 
276 
132 
506 
334 
356 
933 
989 
205 
129 76 
225 
836 
277 
361 
33 
477 
912 119 
670 542 
528 579 
57 10 
295 846 
157 990 
630 394 
265 
70 
378 
346 
876 173 
776 
671 
247 
255 
855 
25 
602 
333 
430 
507 
932 85 
975 
198 920 
488 
301 
272 
987 
948 
5 
652 
452 487 
726 246 
197 
60 
9 
434 651 
569 
928 903 
561 
118 798 
325 
638 
937 910 
297 911 
202 
728 
925 
321 882 
41 
170 
746 
283 
732 
565 
734 
75 
616 
971 
741 
611 
348 
702 
888 
706 
896 
19 
392 523 
727 
463 
905 
107 
448 
914 
493 
826 
100 
74 
993 86 
760 223 
519 
235 
397 
623 
845 
114 892 
51 985 
403 521 
183 699 
216 
710 407 
916 94 
369 
68 15 
811 
78 
442 
420 
45 
128 801 
780 
866 234 
946 105 
794 218 
504 
166 
296 
136 
639 
473 
360 
342 
425 
188 927 
594 
241 
266 763 
555 
293 
110 
489 
767 
867 
520 
684 382 
101 968 
580 525 
90 
314 
146 958 
743 
73 
931 
249 603 
83 
860 
21 
203 
546 
149 
532 
877 
260 
24 
761 
352 
585 459 
450 
81 
462 
310 840 
303 
282 
692 
267 
457 
886 
708 
77 
52 806 
121 
201 
357 
351 
258 
688 
715 365 
825 143 
464 612 
480 
222 
514 
869 
653 366 
718 
254 
524 589 
529 571 
658 
955 
219 
278 
764 
803 
312 
655 
377 
592 
540 
842 
790 
976 
491 
319 
857 238 
792 
58 988 
362 
142 
822 
843 
966 
315 
212 
174 
704 
608 410 
148 
411 
470 445 
755 
184 
515 
233 
358 
35 
766 
874 
772 
439 
570 
656 
805 250 
926 
854 
379 
849 
687 
380 
809 
373 711 
861 79 
284 
848 
381 
942 
541 
983 
354 
370 
159 
308 
641 
992 
935 
240 
895 
944 
274 
400 
714 476 
917 
863 
304 666 
69 8 
648 
292 
177 
560 
771 
818 252 
501 573 
984 828 
554 
186 
485 
637 318 
508 
539 
625 390 
305 
613 
229 
526 
939 
152 797 
144 47 
972 
329 
29 
39 
786 
650 
924 
593 
472 
725 
396 
880 
484 455 
566 503 
657 405 
64 20 
127 
456 
900 
404 
213 
597 
864 
294 
610 
36 156 
371 789 
167 
208 
551 
530 
32 123 
913 
816 345 
389 
690 
486 
875 
757 
106 
950 
640 
890 
349 
685 447 
92 
535 444 
996 6 
287 
549 
2 891 
954 
37 44 
721 221 
969 
471 427 
163 12 
675 331 
595 426 
134 61 
748 
429 
